nearly_sorted    time in secs
Ex.:    100k        1kk
1.      0.009145    0.093512
2.      0.088516    1.066230
3.      0.001539    0.015357
4.      0.086097    1.072157
5.      0.008785    0.089773
6.      0.009107    0.093852
7.      0.008720    0.090234

reverse_sorted    time in secs
Ex.:    100k        1kk
1.      0.009158    0.096495
2.      0.164566    2.014147
3.      0.009482    0.096471
4.      0.165584    2.031345
5.      0.008856    0.091597
6.      0.009709    0.101256
7.      0.008786    0.092087

sorted    time in secs
Ex.:    100k        1kk
1.      0.009002    0.092368
2.      0.089992    1.070396
3.      0.000859    0.006456
4.      0.087358    1.057591
5.      0.008593    0.089801
6.      0.008835    0.093691
7.      0.008451    0.090611

unif_rand    time in secs
Ex.:    100k        1kk
1.      0.018279    0.185821
2.      0.129562    1.602495
3.      0.017773    0.183706
4.      0.135006    1.597033
5.      0.017402    0.179562
6.      0.018254    0.190422
7.      0.017265    0.180167